1,Apple_1,41,145.98
2,Plant_2,34,187.75
3,Candle_3,19,230.31
4,Yarn_4,33,239.46
5,Chair_5,46,253.79
6,Pen_6,41,68.81
7,Stapler_7,15,190.85
8,Cable_8,29,196.08
9,Earbuds_9,13,288.48
10,Camera_10,3,171.91
11,Iron_11,0,166.86
12,Notebook_12,15,174.71
13,Charger_13,50,208.04
14,Keyboard_14,44,93.2
15,Jacket_15,8,130.29
16,Toy_16,39,187.34
17,Candle_17,12,48.86
18,Zipper_18,28,211.67
19,Banana_19,15,163.25
20,Stapler_20,46,158.38
21,Keyboard_21,14,164.92
22,Cup_22,49,239.31
23,Umbrella_23,39,260.36
24,Vase_24,32,242.34
25,Lamp_25,32,163.72
26,Monitor_26,42,260.69
27,Mouse_27,20,174.09
28,Keyboard_28,28,269.12
29,Cup_29,0,8.23
30,Iron_30,41,216.18
31,Iron_31,0,240.29
32,Mat_32,4,287.76
33,Xylophone_33,46,296.1
34,Earbuds_34,17,12.27
35,Pillow_35,12,240.81
36,Mouse_36,50,52.45
37,Keyboard_37,20,10.98
38,Lamp_38,18,242.78
39,Battery_39,26,13.24
40,Mouse_40,29,175.04
41,Towel_41,8,269.91
42,Clock_42,43,183.85
43,Lamp_43,23,250.79
44,Mouse_44,29,70.3
45,Pillow_45,35,162.43
46,Rug_46,7,110.0
47,Knife_47,37,173.98
48,Game_48,22,76.44
49,Iron_49,14,248.49
50,Monitor_50,49,23.72
51,Mirror_51,20,247.62
52,Bottle_52,33,103.26
53,Lamp_53,10,147.99
54,Spoon_54,3,96.89
55,Lamp_55,33,281.09
56,Clock_56,19,263.1
57,Mat_57,36,172.05
58,Knife_58,42,136.69
59,Battery_59,42,12.91
60,Shoes_60,8,64.07
61,Mat_61,40,228.7
62,Cup_62,8,275.72
63,Mat_63,48,217.96
64,Hat_64,27,164.58
65,Glass_65,0,280.79
66,Mat_66,24,218.1
67,Fan_67,6,88.41
68,Table_68,37,121.85
69,Camera_69,0,249.85
70,Orange_70,16,190.39
71,Plant_71,42,191.03
72,Umbrella_72,2,180.56
73,Cup_73,45,109.59
74,Battery_74,35,25.54
75,Towel_75,2,286.01
76,Apple_76,14,258.68
77,Bag_77,29,158.91
78,Iron_78,48,34.6
79,Earbuds_79,23,242.58
80,Toy_80,43,116.84
81,Brush_81,9,249.99
82,Game_82,3,169.89
83,Watch_83,9,80.92
84,Rug_84,37,97.72
85,Chair_85,31,260.85
86,Stapler_86,30,31.2
87,Glass_87,12,133.17
88,Mouse_88,35,71.58
89,Lamp_89,16,294.87
90,Plant_90,16,137.43
91,Notebook_91,43,96.8
92,Mouse_92,19,214.81
93,Vase_93,3,178.31
94,Apple_94,40,182.8
95,Earbuds_95,14,270.63
96,Clock_96,20,18.29
97,Clock_97,7,135.45
98,Mirror_98,23,195.83
99,Lamp_99,20,142.42
100,Earbuds_100,0,5.59